[gd_scene load_steps=6 format=3 uid="uid://d1eqmb30p8pmq"]

[ext_resource type="Script" path="res://scripts/flower_script.gd" id="1_sg03n"]
[ext_resource type="Shader" path="res://shaders/flower.gdshader" id="2_abtgd"]

[sub_resource type="ShaderMaterial" id="ShaderMaterial_acjul"]
render_priority = 0
shader = ExtResource("2_abtgd")

[sub_resource type="PlaneMesh" id="PlaneMesh_jcrhm"]
material = SubResource("ShaderMaterial_acjul")
subdivide_width = 10
subdivide_depth = 10

[sub_resource type="CylinderShape3D" id="CylinderShape3D_6xftk"]
radius = 0.7

[node name="flower_pivot" type="Node3D"]
transform = Transform3D(0.4, 0, 0, 0, 0.4, 0, 0, 0, 0.4, 0, 0.2, 0)
script = ExtResource("1_sg03n")

[node name="petal1" type="MeshInstance3D" parent="."]
mesh = SubResource("PlaneMesh_jcrhm")

[node name="petal2" type="MeshInstance3D" parent="."]
transform = Transform3D(-0.173648, 0, 0.984808, 0, 1, 0, -0.984808, 0, -0.173648, 0, 0, 0)
mesh = SubResource("PlaneMesh_jcrhm")

[node name="petal3" type="MeshInstance3D" parent="."]
transform = Transform3D(-0.939693, 0, 0.34202, 0, 1, 0, -0.34202, 0, -0.939693, 0, 0, 0)
mesh = SubResource("PlaneMesh_jcrhm")

[node name="petal4" type="MeshInstance3D" parent="."]
transform = Transform3D(-0.766044, 0, -0.642788, 0, 1, 0, 0.642788, 0, -0.766044, 0, 0, 0)
mesh = SubResource("PlaneMesh_jcrhm")

[node name="petal5" type="MeshInstance3D" parent="."]
transform = Transform3D(-0.12187, 0, -0.992546, 0, 1, 0, 0.992546, 0, -0.12187, 0, 0, 0)
mesh = SubResource("PlaneMesh_jcrhm")

[node name="Area3D" type="Area3D" parent="."]
collision_layer = 4
collision_mask = 2

[node name="CollisionShape3D" type="CollisionShape3D" parent="Area3D"]
transform = Transform3D(1, 0, 0, 0, 1, 0, 0, 0, 1, 0, 0.5, 0)
shape = SubResource("CylinderShape3D_6xftk")
